49000
50001
50002
50003
51000
51001
51002
51003
51004
51005
52000
52001
52002
52003
52004
52005
52006
52007
52008
52009
52010
53000
53001
54000
54001
54002
57000
57001
59001
59002
59003
60000
60001
61000
61001
62000
62001
62002
63000
63001
64001
64002
65000
65001
65002
66000
66001
66002
67000
67001
67002
71000
72000
72001
72002
72003
72004
73000
73001
73002
73003
74000
74001
74002
74003
74004
74005
74006
75000
75001
75002
75003
75004
75005
76000
76001
76002
76003
76004
76005
76006
77000
77002
77003
77004
77005
77006
77008
77009
77010
77011
77012
77013
77014
77015
77016
77017
77018
77019
77020
77021
77022
77023
77024
77025
78001
78002
78003
78004
78005
78006
78007
78008
78009
78010
78011
78012
78013
78014
78015
78016
78017
78018
79001
79002
79003
150000
150001
150002
150003
151000
151001
151002
151003
152000
152001
152002
152003
152004
152005
152006
153000
154000
154001
154002
154003
155000
155001
155002
155003
156000
156001
156002
156003
156004
157000
157001
157002
157003
158000
158001
158002
158003
158004
159000
159001
159002
159004
159005
159006
160000
160001
161000
161001
161002
161003
161004
162000
162001
162002
162003
163001
165000
165001
166000
166001
167000
167001
168000
169000
169001
169002
169003
169004
169005
169006
170000
170001
170002
170003
171000
172000
173000
173001
173002
173003
174000
175000
177000
177001
177002
177003
177009
177010
177011
178000
178001
178003
178004
178005
178006
178007
178008
178009
178011
178012
178014
178015
178016
178017
178018
178019
178020
178021
178022
178023
178024
178025
178026
178027
178028
178029
178030
178031
178032
178033
178034
179001
179002
250002
251000
251001
251002
252000
252001
252002
253000
254000
254001
254002
254003
254004
254005
254006
254007
254009
254010
254011
254012
254013
255000
255001
255002
256000
256001
256002
256003
257000
257001
257002
257003
258001
259000
259001
259003
259004
259005
259006
260000
260001
260002
260003
260004
260005
260006
260007
260008
260009
260010
