261000
261001
265000
266000
266001
266002
266003
266004
266005
267001
268000
269000
269001
269002
269003
270000
270002
271000
271001
272000
272001
273000
274001
274002
275000
276000
277000
278000
278002
278003
278004
278005
278006
278007
278008
278009
278010
278011
278012
278013
278014
278015
278016
279001
279002
350000
350001
350002
351000
351001
351002
351003
351004
351005
352000
352001
352002
352003
352004
352005
352006
352007
352008
352009
352010
352011
353000
353001
353002
354000
354001
354002
354003
354004
354005
355000
355001
356000
356001
356002
357000
357001
357002
357003
357004
358000
358001
358002
358003
358004
359000
359001
359002
359003
359004
359005
359007
359008
360000
360001
360002
360003
360004
360005
360006
361000
361001
361002
362000
362001
362002
363000
363001
363002
364000
364001
364002
364003
364004
366000
366001
367000
367001
368000
368001
369000
370000
370001
370002
370003
371000
371001
373000
373001
373002
373003
373004
373005
373006
373007
373008
373009
373010
373011
373012
374000
376000
377000
377001
377002
377003
377004
378001
378002
378003
378004
378012
379001
379002
451000
452000
452001
452002
454000
454001
454002
454003
455000
455001
455002
455003
455004
456000
456001
456002
456003
456004
457000
458000
458001
459000
459001
460001
460002
461000
461001
462000
462001
462002
463000
463001
463002
463003
463004
463005
465000
465001
466000
466001
466002
467000
467001
467002
468000
468001
468003
468004
468005
469000
469001
469002
469006
469007
470000
470001
470002
470005
470006
470007
470008
470009
471000
472001
473000
473002
473003
473004
473005
473006
473007
473008
474000
474001
476000
476001
476002
477000
477001
477002
477003
477004
478000
478001
478002
478003
478004
479000
479001
479002
479003
479004
479005
550000
550001
550002
552000
554000
554001
555000
555001
555002
556000
557000
557001
559000
560000
560001
560002
561000
561001
562000
562001
563000
563001
563002
564000
564001
564002
566000
567000
567001
567002
568001
569001
570000
572000
572001
573000
573001
573002
573003
574000
574001
574002
574003
575000
575001
576000
576001
