576002
576003
576004
576005
576006
577000
577001
577002
578000
578001
578002
578003
578004
578005
578006
578007
578008
578009
578010
578011
578012
578013
578014
578015
578016
578017
578018
578019
578020
578021
578022
578023
578024
579000
579001
579002
579003
579004
579005
579006
579007
579008
579009
579010
579011
579012
579013
579014
579015
579016
579017
579018
579019
579020
579021
579022
579023
579024
579025
579026
579027
579028
579029
579030
579031
579032
579033
579034
579035
579036
649006
650000
650001
650002
650003
650004
651000
651001
651002
651003
651004
651005
652000
652001
652002
653000
654000
655000
655001
655002
655003
655004
656000
656001
656003
657000
657001
657002
657003
658000
660000
660001
661000
661001
662000
662001
664000
664001
665000
668000
669000
669001
669002
669003
670000
674000
674001
675000
675001
675002
675003
675004
675005
675006
675007
676000
676001
676002
676003
676004
676005
676006
676007
676008
676009
676010
676011
676012
676013
676014
676015
676016
676017
676018
676019
676020
676021
676022
676023
676024
677000
677001
677002
677003
677004
677005
677006
678000
678001
678002
678003
678004
678005
678006
678007
678008
678009
678010
678011
678012
678013
678014
678015
678016
678017
678018
678019
678020
678021
678022
678023
679000
679001
679002
679003
679004
679005
679006
679007
679008
679009
679010
679011
679012
679013
749002
750000
750001
750002
750003
750004
751000
752000
752001
754000
755000
755001
756000
756001
757000
757001
758000
758001
759000
760000
760001
760002
761000
761001
761002
761003
762000
762001
762002
762003
763000
763001
763002
764000
764001
764002
764003
764004
765000
765001
766000
766001
767000
767002
768000
770000
770001
771000
771001
772000
772001
772002
772003
772004
772005
772006
772007
773000
773001
773002
774000
775000
775001
775002
775003
776000
776001
776002
776003
776004
776005
776006
776007
776008
776009
776010
776011
776012
776013
776014
776015
776016
777000
778000
778001
778002
778003
778004
778005
778006
778007
778008
778009
778010
778011
778012
778013
778014
778015
778016
778017
778018
778019
778020
