778021
778022
778023
778024
778025
849005
850000
850001
851000
852000
854000
854001
854002
854003
855000
855001
857000
857001
859000
861000
861001
861002
862000
863000
863002
863003
863004
863005
863006
863007
863008
863009
863010
863011
863012
863013
863014
863015
863016
863017
865000
865001
865002
866000
866001
866002
867000
867001
867002
867003
867004
869000
870000
870001
870002
870003
870004
871001
871002
871003
872000
872001
873001
874000
874001
874002
874003
874004
874005
874006
874007
874008
874009
874010
874011
874012
874013
875000
876000
876001
876002
876003
876004
876005
876006
876007
876008
876009
877000
877001
877002
877003
877004
877006
877007
877008
879001
950001
950003
951000
952000
954000
954001
954002
954003
954004
954005
954006
954007
954008
954009
955000
955001
956000
956001
956002
956003
956004
956005
956006
956007
957000
957001
957002
957003
957004
957005
958000
958001
958002
958003
958004
960001
961000
961001
961002
961003
961004
962000
962001
962002
962003
962004
962005
962006
962007
963000
963001
963004
963005
963006
963007
963008
963009
963010
963011
963012
963013
964001
964004
964005
964006
964007
964008
964009
964010
965001
965002
965003
965004
965005
965006
965007
965008
966000
966001
966002
967000
967001
967002
967003
967004
967005
967006
967007
967008
967009
967010
968000
968001
968002
968003
968004
968005
968006
968007
968008
969000
969001
969002
970000
970001
970002
970003
970004
970005
971000
971001
971002
972000
974000
974001
974002
974003
974004
975000
975001
975002
975003
975004
975005
975006
975007
975008
975009
975010
975011
975012
975013
975014
976000
976001
976002
976003
976004
976005
976006
976007
976008
976009
976010
976011
976013
976014
976015
976016
976017
976018
976019
977000
977001
977002
977003
977004
1050002
1050003
1051000
1051001
1051002
1051003
1051004
1052000
1052001
1052002
1053000
1053001
1054000
1054001
1054002
1054003
1055000
1055001
1055002
1055003
1055004
1055005
1055006
1055007
1056001
1056002
1056003
1056004
1056005
1056006
1057000
1057001
1057002
1057003
1058001
1058002
1058003
1058004
1058005
1058006
1059000
1059001
1059002
1059003
1059004
