1059005
1059006
1060001
1061000
1061001
1061002
1061003
1061004
1061005
1062000
1062001
1062002
1062003
1062004
1062005
1062006
1062007
1062008
1062009
1063000
1063001
1063002
1063003
1063004
1063005
1063006
1063007
1063008
1064000
1065001
1065002
1065003
1065006
1065007
1065008
1065009
1065010
1067000
1067001
1067002
1067003
1067004
1067005
1067006
1067007
1068000
1068001
1068002
1068003
1068004
1068005
1068006
1069000
1069001
1069002
1069003
1069004
1069005
1073000
1073001
1073002
1074000
1074001
1074002
1074003
1074004
1075000
1075001
1075002
1075003
1075004
1075005
1075006
1075007
1075008
1075009
1075010
1075011
1075012
1075013
1075014
1075015
1075016
1075017
1075018
1075019
1075020
1075021
1075022
1075023
1075024
1075025
1075026
1075027
1075028
1075029
1075030
1075031
1075033
1075034
1075035
1075036
1075037
1075038
1075039
1076000
1076001
1076002
1076003
1076004
1076005
1076006
1076007
1076008
1076009
1076010
1076011
1076012
1076013
1076014
1076015
1076016
1076017
1076018
1076019
1076020
1076021
1076022
1076023
1076024
1076025
1076026
1076027
1076028
1076029
1076030
1076031
1076032
1076033
1076034
1076035
1151000
1152000
1152001
1154000
1154001
1154002
1154003
1154004
1154005
1154006
1154007
1155000
1155001
1155002
1155003
1155004
1156000
1156001
1156002
1156003
1157000
1157001
1157002
1158001
1158002
1158003
1158004
1158005
1159000
1159001
1159002
1159003
1160000
1160001
1160002
1160003
1160004
1160005
1161000
1161001
1161002
1161003
1161004
1161005
1161006
1161007
1161008
1161009
1162001
1162002
1162003
1162004
1162005
1162006
1162007
1162008
1162009
1162010
1162011
1162012
1162013
1163000
1164000
1164001
1166000
1168000
1168001
1168002
1169001
1170000
1173000
1173001
1174000
1174001
1174002
1174003
1174004
1174005
1174006
1174007
1174008
1174009
1175000
1175001
1175002
1175003
1175004
1175005
1175006
1175007
1175008
1175009
1175010
1175011
1175012
1175013
1175014
1175015
1175016
1175017
1175018
1175019
1175020
1175021
1175022
1175023
1175024
1175025
1175026
1175027
1175028
1175029
1175030
1175031
1175032
1175033
1175034
1175035
1176000
1176001
1176002
1176003
1176004
1176005
1176006
1176007
1176008
1176009
1176010
1176011
1176012
1176013
1176014
1176015
1176016
1176017
1176018
1176019
1176020
1176021
1176022
1176023
1176024
1176025
1176026
1176027
1176028
1176029
1176030
1250001
1251000
1251001
1251002
1251003
1251004
1252000
1253001
1254000
