1254001
1254002
1254003
1254004
1254005
1254006
1255000
1255001
1255002
1255003
1255004
1255005
1255006
1255007
1256000
1256001
1256002
1256003
1257000
1257001
1257002
1257003
1257004
1258001
1258002
1258003
1258004
1258005
1259001
1259002
1260000
1260001
1260002
1260003
1260004
1260005
1260006
1260007
1260008
1260009
1260010
1260011
1260012
1260013
1260014
1260015
1260016
1260017
1260018
1260019
1261000
1261001
1261002
1261003
1261004
1261005
1261006
1262000
1262001
1262002
1264000
1264001
1264002
1264003
1264004
1269000
1269001
1271000
1272000
1272001
1272002
1272003
1272004
1272005
1272006
1272007
1272008
1272009
1273000
1273001
1273002
1273003
1273004
1273005
1273006
1274000
1274001
1274002
1274003
1274004
1274005
1274006
1274007
1274008
1274009
1274010
1274011
1274012
1274013
1274014
1274015
1274016
1274017
1274018
1274019
1274020
1274021
1274022
1274023
1274024
1274025
1274026
1274027
1274028
1274029
1274030
1275000
1275001
1275002
1275003
1275004
1275005
1275006
1275007
1275008
1275009
1275010
1275011
1275012
1275013
1275014
1275015
1275016
1275017
1275018
1275019
1275020
1275021
1275022
1275023
1275025
1275026
1275027
1275028
1275029
1277001
1277002
1277003
1351000
1352000
1352001
1352002
1352003
1352004
1353000
1353001
1353002
1353003
1354000
1354001
1354002
1354003
1354004
1355000
1355001
1355002
1355003
1355004
1355005
1356000
1356001
1356002
1356003
1356004
1356005
1356006
1356007
1356008
1356009
1356010
1356011
1357000
1357001
1357002
1357003
1357004
1357005
1357006
1357007
1357008
1357009
1357010
1358000
1358001
1358002
1358003
1358004
1358005
1358006
1358007
1358008
1358009
1358010
1358011
1358012
1358013
1358014
1358015
1358016
1359000
1359001
1359002
1359003
1359004
1359005
1359006
1359007
1359008
1359009
1359010
1359011
1359012
1359013
1359014
1359015
1359016
1359017
1359018
1360000
1360001
1360002
1360003
1360004
1360005
1360006
1360007
1362000
1363000
1364000
1364001
1364002
1365000
1368000
1370001
1370002
1370003
1370005
1371000
1371001
1371002
1371003
1371004
1371005
1371006
1371007
1371008
1371009
1371011
1371012
1371013
1371014
1371015
1371016
1371017
1371018
1371019
1371020
1371021
1371022
1371023
1371024
1371025
1371026
1372000
1372001
1372002
1372003
1372004
1372005
1372006
1372007
1372008
1372009
1372010
1372011
1372012
1372013
1372014
1372015
1372016
1372017
1372018
1373000
1373001
1373002
1373003
