1373004
1373005
1373006
1373007
1373008
1373009
1373010
1373011
1373012
1373013
1373014
1373015
1373016
1373017
1373018
1374000
1374001
1374002
1374003
1374004
1374005
1374006
1374007
1374008
1374009
1374010
1374011
1374012
1374013
1374014
1374015
1374016
1374017
1375000
1375001
1375002
1375003
1375004
1452000
1452001
1452004
1452005
1452006
1453000
1453001
1453002
1453003
1453004
1453005
1453006
1453007
1453008
1453009
1453010
1454000
1454001
1454002
1454003
1454004
1455000
1455001
1455002
1455003
1455004
1455005
1455006
1455007
1455008
1455009
1455010
1455011
1455012
1455013
1455014
1456000
1456001
1456002
1456003
1456004
1456005
1456006
1456008
1456009
1456010
1456011
1456012
1456013
1456014
1456015
1456016
1456017
1456018
1457000
1457001
1457002
1457003
1457004
1457005
1457006
1457007
1457008
1457009
1457010
1457011
1457012
1458000
1458001
1458002
1458003
1458004
1458005
1458006
1459000
1459001
1459002
1459003
1459004
1464000
1465000
1466000
1467001
1467002
1467003
1468001
1469000
1469001
1469002
1469003
1469004
1469005
1469006
1470000
1470003
1471000
1471001
1471002
1471003
1471004
1471005
1471006
1471007
1471008
1471009
1471010
1471011
1472000
1472001
1472002
1472003
1473000
1473001
1473002
1473003
1473004
1473005
1473006
1473007
1473008
1473009
1473010
1473011
1473012
1474000
1474001
1474002
1474003
1474004
1552002
1552006
1553001
1553002
1553003
1553004
1554005
1554007
1554009
1554010
1554011
1555000
1555003
1555006
1555007
1555008
1555010
1555011
1555012
1555013
1555015
1555016
1556000
1556005
1556010
1556013
1557001
1557004
1557005
1557006
1558000
1558002
1558003
1558004
1558005
1558006
1558007
1558008
1558009
1558010
1558011
1558012
1558013
1558014
1558015
1558016
1558017
1559000
1559001
1559003
1559004
1559005
1559006
1559008
1559009
1559010
1560000
1561000
1563000
1567000
1567001
1567002
1567003
1568000
1568001
1568002
1568003
1568004
1568005
1568006
1568007
1569000
1569001
1569002
1569049
1569050
1570001
1571000
1571001
1571002
1571003
1571004
1571005
1659001
1660000
1660001
1661000
1662000
1662001
1662002
1664001
1664002
1665000
1665001
1665002
1665003
1665004
1665005
1665006
1666000
1667000
1667001
1667002
1667003
1667004
1667005
1667006
1667007
1667008
1667009
1667010
1667011
1667012
1667013
1667014
1667015
1667016
1667017
1667018
1668000
1668001
1668002
1668003
1668005
1668006
1668007
1668009
1668011
1668012
1668013
1668014
1668015
