1668016
1668017
1668018
1668019
1668020
1668021
1668022
1668023
1668024
1668025
1668026
1668027
1668028
1668029
1668030
1668031
1668032
1668033
1668034
1668035
1668036
1668037
1668038
1668039
1668040
1668041
1668042
1668043
1668044
1668045
1668046
1668047
1668048
1668049
1668050
1668051
1668052
1669000
1669001
1669002
1669003
1671001
1760000
1762000
1762001
1762002
1762003
1762004
1763001
1763002
1763003
1763004
1763005
1763006
1763007
1763008
1763009
1763010
1763011
1763012
1764000
1764001
1764002
1764003
1764004
1765000
1765002
1765003
1765004
1765005
1765007
1765008
1765009
1765010
1765011
1765012
1765013
1765015
1765016
1765017
1765018
1765019
1765020
1765021
1765022
1765023
1765024
1766000
1766002
1766003
1766004
1766005
1766006
1766007
1766008
1766010
1766012
1766013
1766014
1766015
1766016
1766017
1766018
1766019
1766020
1766021
1766022
1766023
1766024
1766025
1767000
1767001
1767002
1767003
1767005
1767006
1767007
1767008
1767009
1767010
1767011
1767012
1767013
1767014
1767015
1768000
1768002
1768003
1859000
1862000
1863000
1863001
1863002
1863003
1863004
1864000
1864001
1864002
1864004
1864005
1864006
1864007
1864008
1865000
1865001
1865002
1865003
1865004
1865005
1865006
1865007
1865008
1865009
1865010
1865011
1865012
1865013
1866000
1866001
1866002
1866003
1866004
1962000
1963000
1963001
1963002
1963003
1963004
1963005
1964000
1964001
1964002
1964003
1964004
1964005
1964006
1964007
1964008
1964009
1964010
1964011
1964012
1964013
1964014
1964015
1964016
1964017
1964018
1964019
1965000
1965003
1965004
1965005
1965006
1965007
1965008
1965009
1965010
1965011
1965012
1965013
1965014
1965015
1965016
1965017
1965018
1965019
1965020
1965021
1965022
1965023
1965024
1965025
1965026
1965027
1965028
1965029
1965030
1965031
1965032
1965033
1965034
1965035
1965036
1965037
1965038
1965039
1965040
1965041
1965042
1965043
1966000
1966001
1966002
1968010
2063000
2063001
2063002
2063003
2063004
2063005
2063006
2064000
2064001
2064002
2064004
2064005
2065003
2065009
2065010
2065013
2163000
8051001
8051002
8051004
8051005
8051006
8051007
8051008
8051011
8051012
8051016
8051017
8051020
8051021
8051022
8052000
8052001
8052002
8053000
8056000
8056001
8056002
8059000
8059001
8059002
8059003
8060000
8060001
8062000
8063000
8063001
8064000
8065000
8066000
8066001
8066002
8067001
8067002
8067003
8068000
8068001
8068002
8069000
8069001
8069003
8069004
8069005
8069006
