8069007
8070000
8071000
8072000
8074002
8074003
8075000
8075001
8075010
8075011
8075012
8076001
8076002
8076003
8076004
8076005
8076006
8076007
8076008
8076009
8076010
8076011
8076012
8077000
8077001
8077002
8078000
8153000
8154000
8154001
8156000
8156001
8158000
8160000
8160001
8160002
8160003
8160004
8161000
8161001
8162000
8163000
8166000
8166001
8166002
8166003
8166004
8166005
8167000
8167001
8167002
8167003
8168000
8168001
8169000
8169007
8169008
8169010
8169011
8170000
8170001
8170003
8170004
8171001
8174000
8174001
8175000
8175001
8175005
8175006
8175007
8175008
8175009
8175010
8175011
8175012
8175013
8175014
8175015
8175016
8175017
8175018
8175019
8175020
8175021
8176001
8176002
8176003
8176004
8176005
8176006
8176007
8176008
8176009
8176010
8176011
8176012
8176013
8176014
8176015
8176016
8176017
8176018
8176019
8176020
8176021
8176022
8176023
8176024
8176025
8176026
8177001
8177003
8177004
8177006
8177007
8177010
8177011
8177012
8177013
8177014
8252001
8255000
8255001
8256000
8256001
8256002
8256003
8256004
8257000
8259000
8259001
8260000
8260001
8260002
8260003
8260004
8260005
8260006
8261000
8261001
8261002
8261003
8262000
8263000
8264000
8264001
8265000
8265001
8265002
8266000
8267000
8267001
8272001
8272002
8273001
8274002
8275001
8275002
8275003
8275004
8275005
8275006
8275007
8275008
8275009
8275010
8276000
8276001
8276003
8276004
8276005
8276006
8276007
8276008
8276009
8355000
8355005
8356001
8359000
8359001
8359002
8359003
8359004
8359005
8360000
8360002
8360003
8360004
8360005
8360006
8360007
8360008
8360009
8361000
8361001
8361004
8361005
8361006
8361007
8362000
8363000
8364000
8365000
8365001
8365002
8365003
8365004
8366000
8367000
8367001
8367002
8373000
8373001
8373004
8374001
8375000
8375004
8375005
8375006
8375008
8376001
8376002
8376003
8376004
8376005
8376006
8376007
8376008
8376010
8376012
8376013
8376016
8376017
8376018
8376019
8376020
8377000
8377002
8377003
8456005
8459000
8460000
8460001
8460002
8460003
8460004
8461000
8461001
8464001
8465000
8466000
8466001
8467000
8467001
8469005
8470001
8473001
8474001
8474002
8474003
8474004
8474005
8475001
8475002
8475003
8475004
8475005
8475006
8475007
8475008
8475010
8476000
8559000
8559001
8559002
8560000
8560001
8560002
8560003
8565000
8565001
8565002
8566000
8566001
8567000
8567001
8567002
8567003
8567004
8567005
8567006
8567007
8570000
8572001
8575001
8576001
8660000
8662000
