10010000
10010900
10011000
10011100
10011200
10011300
10011400
10011500
10011600
10011700
10011800
10011900
10012000
10012500
10012600
10012650
10012700
10012810
10012920
10012930
10012931
10012950
10012955
10012956
10012957
10012958
10012959
10012980
10013000
10013100
10013120
10013200
10013300
10013380
10013400
10013500
10013550
10013600
10013650
10013700
10013710
10013720
10013800
10013810
10013850
10013900
10014000
10014005
10014010
10014100
10014110
10014120
10014130
10014133
10014150
10014230
10014250
10014300
10014350
10014400
10014500
10014600
10015000
10017000
10017100
10017200
10017250
10017280
10017300
10017400
10017500
10018000
10018100
10018200
10018300
10018400
10018500
10018600
10018700
10018750
10018780
10018800
10018900
10020000
10028000
10030000
10032000
10033000
10034000
10035000
10038000
10038100
10038300
10038600
10039000
10040000
10041000
10042000
10042900
10043000
10043200
10043300
10043400
10043500
10043600
10044000
10044200
10045000
10045500
10046000
10047000
10048000
10048500
10049000
10050000
10051000
10051500
10051800
10051900
10052000
10054000
10055000
10056000
10064000
10065000
10070500
10074800
10075000
10080900
10082800
10086700
10086800
10090000
10091000
10092000
10093000
10094000
10095000
10100000
10200000
10300000
10500000
10600000
10700000
10800000
10900000
10910000
10990000
11002000
11003000
11004000
11005000
11006000
11007000
11008000
11009000
11009100
11010000
11011000
11012000
11013000
11014000
11015000
11016000
11017000
11018000
11019000
11020000
11021000
11030000
11040000
11050000
11060000
11070000
11080000
11200000
11300000
11400000
11420000
11444900
11450000
11500000
12100000
12150000
12160000
12180000
12200000
12210000
12230000
12240000
12250000
12260000
12350000
12351000
12360000
12360001
12369000
12370000
12389000
12390000
12400000
12420000
12430000
12500000
12500002
12500003
12500004
12500900
12510000
12510500
12511000
12520000
12530000
12540000
12550000
12555000
12557000
12559000
12560000
12561000
12590000
12600000
12600001
12600002
12630000
12640000
12650000
12660000
12670000
12680000
12700000
12800000
12840000
12842000
12842100
12842200
12842300
12842400
12842500
12842600
12842700
12842800
12842900
12843000
12843100
12843200
12843300
12843400
12843500
12843600
12843700
12843800
12843900
12843910
12843920
12843930
12843940
12843950
12843960
12843970
12843990
12844100
12844110
12844130
12844140
12844150
12844160
12844170
12844180
12844190
12844210
12844220
12844230
12844240
12844250
12844260
12844270
12844280
12844290
12844300
12844400
12844500
12845000
12850000
12860000
12870000
12872000
12873000
12875000
12880000
12900000
12900001
12900002
13100000
13150000
13150002
13150003
13150004
13155000
