13160000
13169000
13169900
13170000
13174000
13175000
13178000
13180000
13190000
13200000
13290000
13300000
13310000
13400000
13400002
13405000
13408000
13410000
13430000
13438000
13439000
13440000
13450000
13450010
13459000
13460000
13470000
13470010
13490000
13540000
13550000
13550001
13551000
13560000
13568000
13570000
13572000
13578000
13580000
13600000
13600002
13600004
13600010
13601000
13610000
13610001
13650000
13700000
13700004
13710000
13710001
13730000
13740000
13750000
13770000
13830000
13840000
13840001
13845000
13848000
13849000
13849100
13850000
13870000
13870002
13880000
13885000
13885500
13886000
13887000
13900000
13910000
13920000
13950000
13955000
13960000
13962000
13980000
13990000
13991000
13992000
14000500
14000600
14000700
14000800
14000900
14001000
14010000
14020000
14050000
14070000
14090000
14100000
14101000
14101100
14110000
14200000
14201000
14210000
14215000
14220000
14222000
14223000
14230000
14235200
14250000
14260000
14279000
14279050
14280000
14280001
14300000
14310000
14320000
14320001
14325000
14330000
14350000
14370000
14380000
14400000
14420000
14421000
14422000
14425000
14428000
14430000
14440000
14450000
14452000
14480000
14480002
14485000
14485010
14488000
14488500
14489000
14490000
14495000
14500000
14500001
14515000
14515001
14520000
14521000
14526000
14526001
14526400
14526500
14527000
14527001
14527500
14528000
14528001
14529000
14530000
14530001
14530080
14540000
14544080
14545060
14550000
14550001
14550080
14558000
14560000
14565000
14567000
14568000
14569000
14570000
14620000
14620001
14630000
14650000
14680000
14680001
14680002
14690000
14690001
14700000
14710000
14711000
14740000
14750000
14790000
14800000
14810000
14810001
14820000
14830000
14839000
14840000
14840900
14845000
14845001
14850000
14855000
14860000
14870000
14876000
14880000
14900000
14900050
14900100
14900150
14901000
14910000
14910900
14911000
14915000
14920000
14940000
14940050
14940100
14941000
14970000
14970100
14980000
14981000
14990000
14990004
14990100
15030000
15031000
15035000
15040000
15042000
15042100
15042200
15042900
15043000
15044000
15044100
15045000
15046000
15050000
15050001
15100000
15120000
15120001
15120500
15121000
15122000
15123000
15123080
15123100
15123200
15123500
15124000
15124009
15124100
15124500
15125000
15128000
15128500
15128800
15128900
15128950
15129000
15130000
15130001
15135000
15138000
15143000
15145000
15148000
15150000
15150001
15150300
15150500
15150800
15151000
15151500
15152000
15152500
15160000
15160010
15168990
15169000
15170000
15170200
15170600
15170700
15170900
15171000
15171050
15171100
15171800
15172000
15175000
15180000
15180001
15190000
15200000
15200001
15200010
15201000
15221000
