16230000
16231050
16239000
16239100
16250000
16300000
16350000
16350002
16355000
16360000
16365000
16368000
16370000
16380080
16390060
16390080
16410060
16410070
16410080
16429480
16430000
16430003
16430004
16430005
16430008
16440000
16449480
16450000
16460000
16470002
16480000
16480080
16490480
16490490
16500000
16560000
16560080
16590000
16600000
16620000
16650000
16650002
16650004
16660000
16661000
16670000
16700000
16720000
16780000
16790060
16800000
16800002
16800004
16810000
16810080
16820000
16900000
17050000
17050001
17050002
17060000
17061000
17070000
17090000
17090100
17090300
17090400
17090500
17090550
17090580
17090600
17091000
17091030
17091040
17091045
17091047
17091048
17091050
17091080
17091090
17091093
17091095
17091096
17091097
17091098
17091099
17091100
17091110
17091130
17091150
17091160
17091170
17091180
17091200
17091210
17091300
17091310
17091400
17091410
17091450
17091500
17091510
17091530
17091540
17091560
17091580
17091600
17092800
17092801
17092850
17092900
17092950
17092960
17093000
17093010
17093020
17093100
17093120
17093140
17093160
17093180
17093200
17093220
17093240
17093400
17093450
17093500
17093600
17093700
17093750
17093800
17094000
17094005
17094010
17094050
17094100
17094200
17094300
17094400
17094500
17094520
17094550
17094600
17095000
17097000
17098000
17098500
17099000
17099500
17100000
17118000
17119000
17119500
17120000
17120001
17121000
17122000
17122001
17123000
17123001
17124000
17125000
17127000
17130000
17200000
17210000
17220000
17224000
17228000
17229000
17230000
17231000
17240000
17240900
17250000
17250500
17250550
17260000
17270000
17271000
17271100
17272000
17273000
17273100
17275000
17275100
17277000
17277300
17277500
17278000
17279000
17280000
17280500
17280940
17280970
17280980
17280990
17290000
17300000
17304000
17305000
17306000
17307000
17310000
17340000
17340100
17340200
17341000
17343000
17344000
17345000
17350000
17354000
17354400
17354450
17354500
17354550
17354700
17354800
17354900
17354930
17354950
17354970
17354990
17355000
17360000
17380000
17381000
17381100
17382000
17382100
17382110
17382120
17382125
17382130
17382140
17382150
17382160
17383000
17383100
17383300
17383350
17383400
17383450
17383500
17383600
17383650
17383700
17383750
17383800
17383900
17384000
17384200
17384300
17385000
17387000
17388000
17389000
17389500
17390000
17390100
17393000
17393500
17394000
17395000
17395800
17395900
17396080
17396100
17397000
17400000
17410000
17410100
17410200
17420000
17430000
17435000
17450000
17500000
17600000
17610000
17620000
17640000
17650000
17650002
17660000
17670000
17672000
17675000
17680000
17685000
17700000
17710000
17720000
17730000
17730002
17800000
17825000
17830000
