15230200
15231000
15232000
15233000
15234000
15235000
15238000
15239000
15240000
15241000
15242000
15245000
15246000
15247000
15248000
15248010
15250000
15250001
15250002
15250004
15250005
15250010
15250030
15250100
15250500
15251000
15252000
15253000
15254000
15255000
15256000
15257000
15258000
15259000
15260000
15261600
15262000
15263000
15274000
15275100
15276000
15277000
15280000
15289800
15290000
15292000
15293000
15295500
15300000
15302000
15303000
15304000
15305000
15306000
15307000
15308000
15310000
15312000
15318000
15318001
15320000
15320002
15320003
15320004
15321000
15323000
15324000
15324300
15324500
15325000
15326000
15326001
15326010
15326100
15330000
15335000
15340000
15340300
15340500
15340600
15341000
15343000
15344000
15344500
15345000
15345900
15346000
15350000
15350500
15360000
15380000
15390000
15400000
15400002
15400004
15400007
15405000
15406000
15408500
15408600
15408700
15409000
15410000
15410002
15410004
15413000
15414000
15415000
15417980
15418000
15420000
15423000
15423980
15424000
15430000
15430001
15430002
15430900
15431000
15431001
15431500
15431900
15432000
15440000
15444900
15445000
15450000
15452000
15452200
15452500
15459080
15459090
15460000
15460002
15460004
15460005
15460006
15460007
15460008
15460010
15460012
15470000
15490000
15490001
15490400
15490500
15491000
15500000
15550000
15550001
15551000
15552000
15552005
15552008
15552010
15552020
15552030
15552100
15552200
15552300
15552500
15552540
15552550
15552560
15552565
15552570
15552580
15552600
15552700
15552800
15552900
15553000
15553100
15553150
15553160
15553180
15553200
15553300
15553350
15553500
15553800
15553900
15553950
15554000
15555000
15555300
15555500
15555800
15556000
15556010
15558000
15558001
15558200
15558500
15558501
15558700
15558900
15559000
15560000
15560001
15562000
15564000
15565000
15565001
15570000
15570500
15571000
15571100
15571110
15571200
15571500
15572000
15573000
15575000
15575001
15580000
15583000
15590000
15590001
15627000
15627700
15628000
15628100
15629000
15630000
15650000
15660000
15670000
15680000
15700000
15710000
15720000
15730000
15740000
15748000
15750000
15750001
15750500
15750550
15750600
15752000
15753900
15754000
15790000
15795000
15800000
15820000
15825000
15828000
15830000
15850000
15850002
15860000
15900000
15901000
15903000
15905000
15910000
15910001
15920000
15930000
15940000
15950000
15960000
16009000
16009900
16010000
16018000
16019000
16020000
16020100
16020200
16024900
16025000
16030000
16060000
16062000
16070900
16070980
16070990
16080000
16080001
16080002
16080003
16080004
16080005
16080006
16080007
16090000
16091000
16091100
16100000
16110000
16111000
16130000
16150000
16200000
16205000
16210000
