17835000
17850000
17900000
17900001
17900002
18050000
18060000
18070000
18080000
18090000
18090100
18100000
18114000
18115000
18116000
18116900
18118080
18119000
18120000
18120002
18121000
18121002
18121004
18121006
18150000
18170000
18200000
18250000
18280000
18290000
18295000
18300000
18390000
18400000
18407500
18408000
18408500
18408900
18409000
18409200
18409300
18409350
18409400
18409450
18409500
18409550
18409600
18409650
18415000
18420000
18421000
18421600
18422000
18422400
18422480
18422500
18422600
18423000
18423200
18423400
18423500
18423800
18425000
18425200
18426000
18426500
18426800
18427000
18428000
18428100
18430000
18435000
18436000
18450000
18455000
18460000
18470000
18480000
18490000
18495000
18500000
18510000
18513000
18514000
18514080
18515000
18520000
18530000
18580000
18590000
18600000
18610000
18620000
18620800
18620900
18620950
18621000
18621100
18621900
18622000
18630000
18630100
18640000
18650000
18670000
18700000
18810000
18820000
18820900
18821000
18830000
18830001
18830002
18840000
18840001
18840002
18840003
18840004
18849080
18849100
18849800
18850000
18850002
18850200
18850400
18850600
18851000
18860000
18862000
18864000
18865000
18865001
18865002
18865003
18865004
18867000
18867100
18867900
18868000
18870000
18880000
18885000
18890000
18900000
18901080
18905000
18910000
18915000
18920000
18925000
18930000
18935000
18936000
18938001
18940000
18950000
18950003
18960000
19050000
19070000
19080000
19090000
19093000
19095000
19100000
19110000
19140000
19150000
19150500
19150800
19150900
19151000
19151500
19152000
19152500
19153000
19153100
19154000
19155000
19156000
66051500
90260000
90270000
